81
386.756165 762.487671
261.512329 762.487671
386.756165 637.243835
261.512329 637.243835
386.756165 887.731445
261.512329 887.731445
136.268494 762.487671
136.268494 887.731445
136.268494 637.243835
386.756165 512.000000
261.512329 512.000000
386.756165 386.756165
261.512329 386.756165
386.756165 637.243835
261.512329 637.243835
136.268494 512.000000
136.268494 637.243835
136.268494 386.756165
386.756165 261.512329
261.512329 261.512329
386.756165 136.268524
261.512329 136.268524
386.756165 386.756165
261.512329 386.756165
136.268494 261.512329
136.268494 386.756165
136.268494 136.268524
637.243774 762.487671
511.999969 762.487671
637.243774 637.243835
511.999969 637.243835
637.243774 887.731445
511.999969 887.731445
386.756165 762.487671
386.756165 887.731445
386.756165 637.243835
637.243774 512.000000
511.999969 512.000000
637.243774 386.756165
511.999969 386.756165
637.243774 637.243835
511.999969 637.243835
386.756165 512.000000
386.756165 637.243835
386.756165 386.756165
637.243774 261.512329
511.999969 261.512329
637.243774 136.268524
511.999969 136.268524
637.243774 386.756165
511.999969 386.756165
386.756165 261.512329
386.756165 386.756165
386.756165 136.268524
887.731445 762.487671
762.487671 762.487671
887.731445 637.243835
762.487671 637.243835
887.731445 887.731445
762.487671 887.731445
637.243774 762.487671
637.243774 887.731445
637.243774 637.243835
887.731445 512.000000
762.487671 512.000000
887.731445 386.756165
762.487671 386.756165
887.731445 637.243835
762.487671 637.243835
637.243774 512.000000
637.243774 637.243835
637.243774 386.756165
887.731445 261.512329
762.487671 261.512329
887.731445 136.268524
762.487671 136.268524
887.731445 386.756165
762.487671 386.756165
637.243774 261.512329
637.243774 386.756165
637.243774 136.268524
36.268528
36.268528
36.268528
36.268528
36.268528
36.268528
36.268528
36.268528
36.268528
36.268528
36.268528
36.268528
36.268528
36.268528
36.268528
36.268528
36.268528
36.268528
36.268528
36.268528
36.268528
36.268528
36.268528
36.268528
36.268528
36.268528
36.268528
36.268528
36.268528
36.268528
36.268528
36.268528
36.268528
36.268528
36.268528
36.268528
36.268528
36.268528
36.268528
36.268528
36.268528
36.268528
36.268528
36.268528
36.268528
36.268528
36.268528
36.268528
36.268528
36.268528
36.268528
36.268528
36.268528
36.268528
36.268528
36.268528
36.268528
36.268528
36.268528
36.268528
36.268528
36.268528
36.268528
36.268528
36.268528
36.268528
36.268528
36.268528
36.268528
36.268528
36.268528
36.268528
36.268528
36.268528
36.268528
36.268528
36.268528
36.268528
36.268528
36.268528
36.268528
1.400000
1.400000
1.400000
1.400000
1.400000
1.400000
1.400000
1.400000
1.400000
1.400000
1.400000
1.400000
1.400000
1.400000
1.400000
1.400000
1.400000
1.400000
1.400000
1.400000
1.400000
1.400000
1.400000
1.400000
1.400000
1.400000
1.400000
1.400000
1.400000
1.400000
1.400000
1.400000
1.400000
1.400000
1.400000
1.400000
1.400000
1.400000
1.400000
1.400000
1.400000
1.400000
1.400000
1.400000
1.400000
1.400000
1.400000
1.400000
1.400000
1.400000
1.400000
1.400000
1.400000
1.400000
1.400000
1.400000
1.400000
1.400000
1.400000
1.400000
1.400000
1.400000
1.400000
1.400000
1.400000
1.400000
1.400000
1.400000
1.400000
1.400000
1.400000
1.400000
1.400000
1.400000
1.400000
1.400000
1.400000
1.400000
1.400000
1.400000
1.400000
3
2
4
1
2
0
6
2
0
3
2
2
8
2
0
5
2
4
7
3
8
1
7
2
6
5
2
3
6
3
11
13
10
2
9
15
2
9
12
2
11
17
2
9
14
2
13
16
3
17
10
16
2
15
14
2
12
15
3
20
22
19
2
18
24
2
18
21
2
20
26
2
18
23
2
22
25
3
26
19
25
2
24
23
2
21
24
3
29
31
28
2
27
33
2
27
30
2
29
35
2
27
32
2
31
34
3
35
28
34
2
33
32
2
30
33
3
38
40
37
2
36
42
2
36
39
2
38
44
2
36
41
2
40
43
3
44
37
43
2
42
41
2
39
42
3
47
49
46
2
45
51
2
45
48
2
47
53
2
45
50
2
49
52
3
53
46
52
2
51
50
2
48
51
3
56
58
55
2
54
60
2
54
57
2
56
62
2
54
59
2
58
61
3
62
55
61
2
60
59
2
57
60
3
65
67
64
2
63
69
2
63
66
2
65
71
2
63
68
2
67
70
3
71
64
70
2
69
68
2
66
69
3
74
76
73
2
72
78
2
72
75
2
74
80
2
72
77
2
76
79
3
80
73
79
2
78
77
2
75
78
9
24854
139.000000
71.000000
1.400000
1
3
3
1.000000
32
0
0.970000
32
94
0
