108
386.756165 637.243835
386.756165 762.487671
303.478760 762.487671
261.512329 637.243835
261.512329 720.521179
386.756165 887.731445
261.512329 887.731445
261.512329 804.454102
136.268494 887.731445
136.268494 762.487671
219.545883 762.487671
136.268494 637.243835
386.756165 386.756165
386.756165 512.000000
303.478760 512.000000
261.512329 386.756165
261.512329 470.033569
386.756165 637.243835
261.512329 637.243835
261.512329 553.966431
136.268494 637.243835
136.268494 512.000000
219.545883 512.000000
136.268494 386.756165
386.756165 136.268524
386.756165 261.512329
303.478760 261.512329
261.512329 136.268524
261.512329 219.545929
386.756165 386.756165
261.512329 386.756165
261.512329 303.478760
136.268494 386.756165
136.268494 261.512329
219.545883 261.512329
136.268494 136.268524
637.243774 637.243835
637.243774 762.487671
553.966431 762.487671
511.999969 637.243835
511.999969 720.521179
637.243774 887.731445
511.999969 887.731445
511.999969 804.454102
386.756165 887.731445
386.756165 762.487671
470.033569 762.487671
386.756165 637.243835
637.243774 386.756165
637.243774 512.000000
553.966431 512.000000
511.999969 386.756165
511.999969 470.033569
637.243774 637.243835
511.999969 637.243835
511.999969 553.966431
386.756165 637.243835
386.756165 512.000000
470.033569 512.000000
386.756165 386.756165
637.243774 136.268524
637.243774 261.512329
553.966431 261.512329
511.999969 136.268524
511.999969 219.545929
637.243774 386.756165
511.999969 386.756165
511.999969 303.478760
386.756165 386.756165
386.756165 261.512329
470.033569 261.512329
386.756165 136.268524
887.731445 637.243835
887.731445 762.487671
804.454102 762.487671
762.487671 637.243835
762.487671 720.521179
887.731445 887.731445
762.487671 887.731445
762.487671 804.454102
637.243774 887.731445
637.243774 762.487671
720.521240 762.487671
637.243774 637.243835
887.731445 386.756165
887.731445 512.000000
804.454102 512.000000
762.487671 386.756165
762.487671 470.033569
887.731445 637.243835
762.487671 637.243835
762.487671 553.966431
637.243774 637.243835
637.243774 512.000000
720.521240 512.000000
637.243774 386.756165
887.731445 136.268524
887.731445 261.512329
804.454102 261.512329
762.487671 136.268524
762.487671 219.545929
887.731445 386.756165
762.487671 386.756165
762.487671 303.478760
637.243774 386.756165
637.243774 261.512329
720.521240 261.512329
637.243774 136.268524
36.268528
36.268528
0.244617
36.268528
0.244617
36.268528
36.268528
0.244617
36.268528
36.268528
0.244617
36.268528
36.268528
36.268528
0.244617
36.268528
0.244617
36.268528
36.268528
0.244617
36.268528
36.268528
0.244617
36.268528
36.268528
36.268528
0.244617
36.268528
0.244617
36.268528
36.268528
0.244617
36.268528
36.268528
0.244617
36.268528
36.268528
36.268528
0.244617
36.268528
0.244617
36.268528
36.268528
0.244617
36.268528
36.268528
0.244617
36.268528
36.268528
36.268528
0.244617
36.268528
0.244617
36.268528
36.268528
0.244617
36.268528
36.268528
0.244617
36.268528
36.268528
36.268528
0.244617
36.268528
0.244617
36.268528
36.268528
0.244617
36.268528
36.268528
0.244617
36.268528
36.268528
36.268528
0.244617
36.268528
0.244617
36.268528
36.268528
0.244617
36.268528
36.268528
0.244617
36.268528
36.268528
36.268528
0.244617
36.268528
0.244617
36.268528
36.268528
0.244617
36.268528
36.268528
0.244617
36.268528
36.268528
36.268528
0.244617
36.268528
0.244617
36.268528
36.268528
0.244617
36.268528
36.268528
0.244617
36.268528
1.400000
1.400000
0.100000
1.400000
0.100000
1.400000
1.400000
0.100000
1.400000
1.400000
0.100000
1.400000
1.400000
1.400000
0.100000
1.400000
0.100000
1.400000
1.400000
0.100000
1.400000
1.400000
0.100000
1.400000
1.400000
1.400000
0.100000
1.400000
0.100000
1.400000
1.400000
0.100000
1.400000
1.400000
0.100000
1.400000
1.400000
1.400000
0.100000
1.400000
0.100000
1.400000
1.400000
0.100000
1.400000
1.400000
0.100000
1.400000
1.400000
1.400000
0.100000
1.400000
0.100000
1.400000
1.400000
0.100000
1.400000
1.400000
0.100000
1.400000
1.400000
1.400000
0.100000
1.400000
0.100000
1.400000
1.400000
0.100000
1.400000
1.400000
0.100000
1.400000
1.400000
1.400000
0.100000
1.400000
0.100000
1.400000
1.400000
0.100000
1.400000
1.400000
0.100000
1.400000
1.400000
1.400000
0.100000
1.400000
0.100000
1.400000
1.400000
0.100000
1.400000
1.400000
0.100000
1.400000
1.400000
1.400000
0.100000
1.400000
0.100000
1.400000
1.400000
0.100000
1.400000
1.400000
0.100000
1.400000
2
1
3
3
0
5
2
1
1
3
0
4
11
1
3
2
1
6
3
7
5
8
1
6
2
9
6
3
11
10
8
1
9
2
3
9
2
13
15
3
12
17
14
1
13
3
12
16
23
1
15
2
13
18
3
19
17
20
1
18
2
21
18
3
23
22
20
1
21
2
15
21
2
25
27
3
24
29
26
1
25
3
24
28
35
1
27
2
25
30
3
31
29
32
1
30
2
33
30
3
35
34
32
1
33
2
27
33
2
37
39
3
36
41
38
1
37
3
36
40
47
1
39
2
37
42
3
43
41
44
1
42
2
45
42
3
47
46
44
1
45
2
39
45
2
49
51
3
48
53
50
1
49
3
48
52
59
1
51
2
49
54
3
55
53
56
1
54
2
57
54
3
59
58
56
1
57
2
51
57
2
61
63
3
60
65
62
1
61
3
60
64
71
1
63
2
61
66
3
67
65
68
1
66
2
69
66
3
71
70
68
1
69
2
63
69
2
73
75
3
72
77
74
1
73
3
72
76
83
1
75
2
73
78
3
79
77
80
1
78
2
81
78
3
83
82
80
1
81
2
75
81
2
85
87
3
84
89
86
1
85
3
84
88
95
1
87
2
85
90
3
91
89
92
1
90
2
93
90
3
95
94
92
1
93
2
87
93
2
97
99
3
96
101
98
1
97
3
96
100
107
1
99
2
97
102
3
103
101
104
1
102
2
105
102
3
107
106
104
1
105
2
99
105
9
16710
139.000000
71.000000
1.400000
1
3
3
1.000000
32
0
0.970000
32
94
0
